429.089 1 
129.237 3.3
148.892 15.3
167.191 8.6
185.203 12.3
186.062 2.9
189.135 14.9
203.152 13.2
205.259 10.5
207.153 30.3
208.931 27.0
221.254 46.0
223.008 94.6
225.132 3.7
229.098 3.6
238.239 16.6
238.914 56.6
240.854 17.1
249.929 2.5
267.236 31.8
281.033 123.0
282.392 17.1
283.078 18.7
284.487 6.0
285.163 18.1
287.100 3.1
295.917 12.0
296.688 3.7
297.977 27.6
298.849 195.2
300.138 9.0
308.014 7.1
315.511 2.7
316.358 37.2
318.912 108.9
325.178 43.4
326.059 16.2
329.969 10.5
331.050 3.7
338.019 8.8
338.819 2.9
340.929 697.3
342.145 113.1
342.820 24.6
343.649 6.1
348.302 4.9
349.380 16.9
351.780 2.2
355.072 1489.1
356.062 24.2
357.154 18.4
358.758 2160.8
359.771 194.4
361.013 13.8
365.249 5.3
367.377 3.3
369.936 6.4
371.728 50.6
372.508 110.5
373.670 12.2
382.814 4.5
383.530 10.0
384.150 9.9
386.405 10.7
388.838 4.4
393.057 21.7
395.267 2.9
400.591 2.0
408.005 11.2
408.642 8.6
410.217 53.0
411.122 37.2
412.392 25.5
413.285 43.8
416.428 8.9
420.730 24.2
428.402 3.5
429.363 13.2
430.365 8.7
