COM=Project: Bill, Spot Set: Bill\192 LC
BEGIN IONS
PEPMASS=920.48816
CHARGE=1+
TITLE=Label: A2, Spot_Id: 426481, Peak_List_Id: 588881, MSMS Job_Run_Id: 25491, Comment: 
151.84821	8165.168
153.8557	6434.2007
156.0161	5513.7036
331.72995	5614.627
360.82333	6644.7041
422.75171	9801.0303
449.77374	7221.9019
540.79889	6435.9268
600.74939	7507.1875
602.73419	7018.1353
604.74304	10172.984
606.73621	7240.2012
649.74414	46223.504
651.73285	61465.078
653.7337	41534.91
655.73322	11573.856
721.94141	6675.812
727.87738	20101.348
728.8667	6681.4316
729.8006	11324.195
730.79968	9218.9434
731.7818	6704.043
732.79028	12520.621
734.8031	10773.143
737.83435	8782.3193
773.79193	8033.1831
873.09302	6102.3252
873.96442	5676.4243
876.08441	13150.997
879.00513	5734.4277
END IONS
BEGIN IONS
PEPMASS=922.57605
CHARGE=1+
TITLE=Label: E22, Spot_Id: 426576, Peak_List_Id: 588946, MSMS Job_Run_Id: 25491, Comment: 
151.84363	5721.2422
153.83864	7582.9604
156.02129	5615.3193
242.77953	7547.8569
420.75168	5752.688
422.75665	7659.1821
540.84094	6554.4541
542.7876	6831.019
600.76825	6252.9814
602.73712	7671.8755
604.75409	9309.2969
625.05914	8812.7197
649.75525	34024.832
651.74408	61061.211
653.72595	32300.205
655.74261	10106.196
721.89203	7166.356
724.86627	12593.896
725.93469	8601.0029
727.80286	21207.973
729.81543	19159.678
731.80737	12705.14
732.81616	18774.555
734.79517	7031.1592
735.9024	11991.893
736.79901	8587.1406
737.83044	11584.844
873.03723	9808.5977
874.98187	13354.376
877.00446	6583.6157
END IONS
BEGIN IONS
PEPMASS=929.50311
CHARGE=1+
TITLE=Label: C1, Spot_Id: 426506, Peak_List_Id: 588904, MSMS Job_Run_Id: 25491, Comment: 
70.051651	27961.369
86.052391	4161.4009
87.061432	11386.192
100.0604	4370.8242
112.08458	6813.3784
115.04593	3827.3721
120.0582	18185.053
147.03134	3245.3062
185.07188	4602.27
244.13989	4044.2839
270.07513	3439.2937
287.12885	10022.271
516.19769	14556.152
649.81732	4139.2886
651.78607	12440.962
653.77014	13688.653
655.71344	3919.2085
658.38599	2901.1946
730.79004	7093.7275
732.82593	5575.1367
734.85803	10112.046
736.8385	8550.3145
737.84186	15490.52
739.84247	11014.208
741.81232	7142.0352
743.8219	5841.5586
744.81421	8228.7539
745.82904	10900.582
801.38	11635.431
875.06396	10620.899
END IONS
BEGIN IONS
PEPMASS=929.50671
CHARGE=1+
TITLE=Label: C2, Spot_Id: 426529, Peak_List_Id: 588927, MSMS Job_Run_Id: 25491, Comment: 
70.050461	43060.227
86.069321	8314.8203
87.065201	13851.294
112.07074	10341.046
115.06483	8566.7354
120.05654	23121.998
244.13118	7968.9443
270.07034	6280.3428
287.10785	15602.063
516.19604	16279.588
649.77472	7161.2744
651.78192	19673.572
653.77338	16926.047
655.78662	6217.3989
733.92285	10086.034
735.84216	13997.327
737.83014	18025.404
739.84717	10666.229
740.83197	10783.082
742.80176	13367.256
744.81622	7676.5557
745.82513	14483.279
746.82745	8537.8057
749.86346	8475.707
801.38202	11049.199
875.07379	12190.072
877.02783	8190.938
877.96558	6855.7832
879.02057	9201.9102
891.15442	6255.3594
END IONS
BEGIN IONS
PEPMASS=929.53339
CHARGE=1+
TITLE=Label: B24, Spot_Id: 426494, Peak_List_Id: 588886, MSMS Job_Run_Id: 25491, Comment: 
70.057625	25754.439
86.072655	4839.1343
87.065079	10177.764
100.0797	7548.8848
112.07583	7561.5732
120.05389	18398.744
151.85561	6563.9722
185.0545	5892.4258
287.10373	10526.338
449.78058	4320.1753
460.86502	4756.0688
516.19855	18932.885
609.79559	4601.1484
649.79034	7727.3999
651.78137	27130.883
653.78198	25983.139
655.76221	6239.0601
729.87933	8305.5078
731.83612	11182.438
736.84503	9133.2256
737.8363	19620.826
739.81433	12518.128
740.79962	18675.941
743.84436	9871.4805
744.81458	7481.7549
745.82343	23107.104
747.80035	17511.539
801.39807	13721.89
875.01233	6189.147
879.03333	6846.4375
END IONS
BEGIN IONS
PEPMASS=942.41748
CHARGE=1+
TITLE=Label: D11, Spot_Id: 426536, Peak_List_Id: 588933, MSMS Job_Run_Id: 25491, Comment: 
86.075256	2479.218
100.06568	2736.6184
110.05146	62300.449
118.0985	2531.197
121.00935	3510.9951
130.03729	5432.3525
138.04297	2875.7556
155.08957	5892.7231
158.08597	3052.7307
159.06288	9971.4365
169.04599	3023.209
296.11942	10259.799
324.09265	21571.59
453.14383	5964.8145
540.15234	4548.0205
611.20465	8404.2207
623.80646	2749.4102
698.2337	7632.2285
742.06628	4480.0684
744.88428	9304.2061
745.9176	7541.7446
746.86255	12374.464
747.84943	13429.923
749.81299	11895.446
751.80017	5423.8779
754.80646	10172.479
755.89063	7250.1782
757.85846	5388.4072
895.01318	4255.9092
916.44391	4491.1523
END IONS
BEGIN IONS
PEPMASS=942.43439
CHARGE=1+
TITLE=Label: D16, Spot_Id: 426549, Peak_List_Id: 588940, MSMS Job_Run_Id: 25491, Comment: 
70.065834	2887.8586
82.038956	4381.8667
86.095299	3371.0723
107.02624	3381.9988
110.04901	28254.611
130.04778	3406.8472
138.01675	3282.5469
151.85651	5014.1938
159.0721	6250.1094
296.12262	7444.165
297.08209	3217.3291
324.11298	13175.757
449.77036	4512.5098
450.90695	3573.2319
453.17416	3643.2312
470.88525	2937.8054
611.17383	4807.8735
743.84052	8234.9727
744.9093	11198.629
745.8559	22972.066
746.85907	12007.504
747.85236	34589.551
748.81995	10073.859
749.84216	25678.002
750.79877	17339.828
752.82739	9761.6865
755.81244	12407.961
791.74927	9282.9961
891.02563	13474.906
896.86084	4988.0884
END IONS
BEGIN IONS
PEPMASS=957.21539
CHARGE=1+
TITLE=Label: H20, Spot_Id: 426647, Peak_List_Id: 588956, MSMS Job_Run_Id: 25491, Comment: 
107.03326	4226.6431
147.01962	4775.4565
151.84123	4199.0132
153.84215	2843.9529
156.01788	4707.231
269.89624	2499.7332
294.06216	2733.0559
350.81693	4240.2349
379.8526	3101.2422
408.15033	3038.3423
538.77332	3481.5979
568.09607	2376.1902
602.71594	4524.4604
649.75482	6067.8169
693.6897	7248.6128
757.90015	8493.9824
758.8277	5714.9341
759.84607	6312.4917
760.8349	6568.9878
762.79138	9444.4277
763.79749	8154.998
764.76324	12076.438
765.78387	6469.6304
767.79291	12840.44
769.79211	5762.5459
866.78632	5511.6504
899.12329	5493.0703
911.03375	6173.9229
918.99097	5465.3301
929.98743	3881.0591
END IONS
BEGIN IONS
PEPMASS=958.15839
CHARGE=1+
TITLE=Label: F5, Spot_Id: 426587, Peak_List_Id: 588948, MSMS Job_Run_Id: 25491, Comment: 
118.06448	2561.3708
121.00905	1891.7026
151.83795	2938.2649
153.83566	2360.3547
156.01457	4270.4663
242.78279	2056.9849
269.8537	1981.8657
329.69614	2017.1538
420.76022	2289.9592
422.79208	2761.4419
456.0033	1757.5328
489.73917	3054.3149
542.80829	2258.9321
649.72369	5350.7334
651.73041	5306.6499
653.13116	2707.7988
653.7099	3241.5317
664.09186	5724.918
695.68158	3686.2524
760.78381	9442.6943
762.81348	8802.8779
763.82782	7976.3208
765.75714	3532.4751
767.76404	9547.957
769.77075	6093.7715
771.77216	7035.4736
773.72968	4342.9209
774.75604	2850.1282
917.47064	3212.6519
917.96704	2304.2427
END IONS
BEGIN IONS
PEPMASS=958.19434
CHARGE=1+
TITLE=Label: E18, Spot_Id: 426574, Peak_List_Id: 588945, MSMS Job_Run_Id: 25491, Comment: 
107.04402	5874.0635
121.02254	3369.925
147.03418	4077.7749
151.84241	8861.9189
240.77664	3736.877
269.87527	4032.0974
420.75919	4400.5615
422.7634	6329.2065
440.83463	4484.6045
532.81464	4036.167
538.76996	5812.8159
540.79901	4051.1699
542.82617	3447.7344
600.77777	4849.0952
649.72003	7061.9697
651.73663	7736.6528
693.70129	13783.134
727.80865	5203.6997
759.79364	6375.7847
761.76422	4498.5142
762.80682	11436.527
763.80463	9407.1924
764.80127	7925.979
765.7644	5145.7104
767.77179	14205.805
769.84692	18735.264
772.79224	4243.8306
872.88324	4948.4585
917.07098	10292.755
919.02325	9467.0586
END IONS
BEGIN IONS
PEPMASS=959.2027
CHARGE=1+
TITLE=Label: G23, Spot_Id: 426602, Peak_List_Id: 588952, MSMS Job_Run_Id: 25491, Comment: 
100.09441	3263.2004
107.0447	4338.3652
116.07381	2477.5767
147.01846	2689.0569
153.86533	4972.48
156.0323	5157.5288
172.00661	2641.8818
294.04037	3007.4839
391.91104	2751.8079
420.77481	2793.188
422.75711	5588.5576
424.77649	2394.8608
438.79874	2609.6523
490.73532	3073.7844
557.93542	2437.7229
602.76019	4214.2456
649.73334	6283.2842
651.74133	6123.8438
664.05646	8616.4541
693.72046	4514.4492
695.73279	7000.623
761.81482	6309.6235
764.80945	7872.144
767.82025	7694.3018
768.7785	3687.9526
772.79193	5517.8203
773.79675	6810.7876
774.74689	4685.3223
794.08655	3569.354
919.01678	5793.2188
END IONS
BEGIN IONS
PEPMASS=960.82709
CHARGE=1+
TITLE=Label: A24, Spot_Id: 426470, Peak_List_Id: 588876, MSMS Job_Run_Id: 25491, Comment: 
151.84781	4759.1016
153.85709	7193.1807
156.02753	6714.5015
269.90863	5081.4629
420.78195	5841.5962
422.785	12458.173
424.78152	5603.5752
449.80621	4456.2788
487.8132	4225.9556
538.82794	5035.3584
540.81506	5692.0703
602.81042	5634.4116
644.7627	4530.0557
646.75061	5191.4658
648.75037	5401.623
649.7934	11546.743
651.75879	12415.403
653.77386	10722.942
664.06543	7111.6025
693.76532	13305.104
695.75238	15970.913
764.86407	7444.918
765.84778	6101.9712
767.849	7216.9307
769.81219	5772.6738
771.80933	6920.1113
773.80701	9254.4414
775.80823	6224.6406
777.78412	5379.2505
919.0426	8408.8594
END IONS
BEGIN IONS
PEPMASS=960.88293
CHARGE=1+
TITLE=Label: H12, Spot_Id: 426643, Peak_List_Id: 588955, MSMS Job_Run_Id: 25491, Comment: 
100.08069	3955.7607
121.01312	4885.4624
151.8549	6247.1025
153.84544	5622.3374
156.03436	5563.2642
269.86569	3751.8123
312.00192	3922.4919
422.76529	7118.4951
424.82141	4373.1885
460.88129	3713.0151
487.74524	5158.0708
538.81934	5327.8076
540.83453	7157.7466
602.77332	6662.3413
618.11597	6008.7358
649.75854	6632.2295
651.75323	13477.997
653.73096	6162.6514
693.72632	14359.782
695.73431	16416.635
760.86664	9417.0381
764.8252	29621.967
765.78351	7894.1138
766.86713	9868.8652
767.81403	8971.8994
768.79163	12150.027
769.81354	14434.697
772.82446	16206.853
773.7641	14303.334
919.1496	16977.223
END IONS
BEGIN IONS
PEPMASS=962.87384
CHARGE=1+
TITLE=Label: F20, Spot_Id: 426599, Peak_List_Id: 588950, MSMS Job_Run_Id: 25491, Comment: 
151.83649	9808.2969
153.84177	8498.5381
156.01427	11300.282
360.82755	5656.6807
391.93359	5531.5977
420.74652	7607.5708
422.74887	11518.312
424.76553	6592.6567
458.89206	5538.9487
490.83221	5647.3965
538.77234	6854.5786
600.78162	7864.2744
649.72821	12226.87
651.74329	19771.031
653.73529	8563.6025
693.72815	14186.658
695.71649	22745.818
697.68323	9868.0703
765.83655	12720.049
766.8161	8763.7803
767.81543	11655.183
769.78674	13234.811
770.79657	13328.628
772.7655	7999.1631
773.75854	10199.158
774.7597	13131.56
911.0885	9067.2998
917.01672	8322.9697
919.03534	20795.967
920.93768	8569.9961
END IONS
BEGIN IONS
PEPMASS=963.85889
CHARGE=1+
TITLE=Label: G12, Spot_Id: 426619, Peak_List_Id: 588953, MSMS Job_Run_Id: 25491, Comment: 
151.85699	6952.752
153.8501	4816.2813
156.02191	8700.3438
420.76413	6008.0034
422.74991	9334.4033
424.76102	7021.9814
449.82568	5118.3276
540.79694	7140.1357
646.75836	5518.1992
649.76025	16949.139
650.76337	6420.0737
651.74927	19426.238
653.72528	11061.361
655.73309	4939.2954
693.72559	10802.008
695.7262	21620.613
767.80743	11704.158
768.79578	11414.822
769.78711	9726.7695
770.77966	10830.304
771.81024	11002.043
772.78302	18708.32
773.75684	9560.4492
775.75287	9126.418
776.745	7253.832
874.00073	6172.8081
913.05023	6013.3965
919.01337	13652.95
941.51672	5362.8643
943.40552	6893.6108
END IONS
BEGIN IONS
PEPMASS=964.80499
CHARGE=1+
TITLE=Label: A18, Spot_Id: 426473, Peak_List_Id: 588879, MSMS Job_Run_Id: 25491, Comment: 
153.84213	5706.1738
156.02817	8293.7793
242.79062	6440.4438
250.07216	5382.9521
358.85416	5612.0386
420.80127	6707.4722
422.76331	12794.477
424.78229	5922.2036
449.80081	6270.7188
540.81519	9862.3525
542.7981	5645.3638
646.74725	5827.6685
649.78271	16732.525
651.76007	22889.27
653.77875	18282.266
693.76941	11534.847
695.75842	25381.936
697.73785	11460.214
767.83447	5505.6909
769.82782	10636.707
771.81586	10287.855
773.80389	17287.953
774.80688	8013.1318
775.78571	7895.9419
777.76697	6806.6187
778.79584	6381.3896
874.97089	5303.5068
917.01892	5689.3052
919.06244	11751.823
921.04095	6618.7773
END IONS
BEGIN IONS
PEPMASS=964.83661
CHARGE=1+
TITLE=Label: C24, Spot_Id: 426518, Peak_List_Id: 588912, MSMS Job_Run_Id: 25491, Comment: 
151.85202	6400.3276
156.0192	7534.5767
191.05824	6051.2061
242.7876	6242.0127
360.84354	7607.98
420.75018	6852.4263
422.76114	10396.855
424.76065	7266.6094
540.82178	7136.9448
542.83008	5799.21
602.78644	7535.8364
604.75244	6133.479
607.80823	5350.354
646.73938	5729.1768
648.76306	8346.5527
649.75714	7523.582
651.75891	21778.041
653.77081	13091.368
693.75201	11199.794
695.74982	22734.537
697.73126	16991.332
767.81201	9424.0977
768.8136	8183.1484
769.84662	8201.0928
772.85034	10277.321
775.80371	12295.259
916.99652	6485.5513
919.04742	7626.6294
921.09772	8304.6016
924.90894	6730.0483
END IONS
BEGIN IONS
PEPMASS=964.8717
CHARGE=1+
TITLE=Label: F14, Spot_Id: 426596, Peak_List_Id: 588949, MSMS Job_Run_Id: 25491, Comment: 
151.85855	9185.1289
156.02394	8182.4502
269.91449	5237.375
420.78876	6878.6523
422.76611	7946.2412
449.77551	5624.8794
458.90128	5206.1685
470.13022	5481.2056
538.79669	5209.4429
540.81024	7595.1436
542.85333	6539.0308
600.82751	4931.6465
602.75732	5275.3809
644.7876	6205.4614
648.73895	5113.6357
649.7757	8009.5806
651.75897	19647.238
653.76898	8405.5371
693.74689	8649.3857
695.74329	16098.427
697.74847	13839.204
767.82898	10189.497
768.85181	13304.738
769.83441	15382.542
771.79309	11516.178
772.79919	13326.444
773.7868	10036.1
775.7793	13933.138
776.77557	9659.3047
919.0069	13470.902
END IONS
BEGIN IONS
PEPMASS=972.54736
CHARGE=1+
TITLE=Label: C14, Spot_Id: 426523, Peak_List_Id: 588918, MSMS Job_Run_Id: 25491, Comment: 
86.075134	7448.0723
101.06393	4941.9854
107.03677	6318.395
153.84584	4260.8838
156.01639	5183.8428
191.02696	4520.1587
223.02217	4277.3242
360.85153	4838.7202
422.77908	4548.5425
491.76013	4467.229
519.00116	5012.144
538.85089	4652.9277
602.81519	4461.1753
651.86066	7298.2363
653.76282	15931.405
682.06329	7424.3369
695.76355	10227.644
697.76422	6795.5059
772.8385	11174.285
774.81665	7069.8931
775.82568	17339.404
776.78351	5246.1147
778.79407	8667.9893
779.81604	5847.9429
783.81116	13497.031
785.76892	5973.3535
917.06299	7921.7188
919.07635	16122.344
921.07166	14169.325
922.03271	7206.6162
END IONS
BEGIN IONS
PEPMASS=974.39648
CHARGE=1+
TITLE=Label: E2, Spot_Id: 426566, Peak_List_Id: 588944, MSMS Job_Run_Id: 25491, Comment: 
86.072296	3540.6067
107.02475	3543.5601
110.05856	6391.896
122.07055	3825.6133
153.85619	5627.5347
191.02806	3991.4731
422.79669	3511.2629
424.77637	4004.3828
447.75818	3751.2979
449.77551	3627.248
470.14676	5003.6333
542.79199	3262.3608
651.80591	4722.9072
653.83112	6679.7231
655.79504	3509.4165
682.09967	7698.5425
775.85797	16218.266
776.8653	8351.9629
777.85077	7777.8047
778.78351	5469.2451
780.79108	11218.69
781.78748	7840.6558
783.79968	6690.8701
784.76569	5084.771
785.80615	7660.5928
787.7879	5788.1909
890.80499	5956.3433
919.05566	15243.433
922.1355	4280.8633
923.06641	10466.044
END IONS
BEGIN IONS
PEPMASS=974.40106
CHARGE=1+
TITLE=Label: D13, Spot_Id: 426535, Peak_List_Id: 588931, MSMS Job_Run_Id: 25491, Comment: 
70.057381	2995.5569
82.032669	3853.8865
86.086937	3546.127
107.03396	4541.2148
110.05638	50495.219
121.00945	3241.5349
155.06831	7703.2207
181.08325	3641.0229
191.03001	8763.7139
193.02693	3646.2026
356.09314	14437.884
438.93906	3142.8525
451.89966	2972.8589
485.13138	4843.2349
572.15393	5565.0083
618.20032	3852.7046
643.21167	7609.5186
682.06049	9244.4385
697.84387	5417.6392
702.19348	4071.9001
730.22852	8050.2222
774.89209	8842.6152
776.84979	9822.0576
779.83496	4695.144
782.77112	9745.1201
789.76544	4110.002
826.25104	3611.7595
843.3551	6964.2803
919.0332	3969.45
921.07428	6165.1519
END IONS
BEGIN IONS
PEPMASS=974.42865
CHARGE=1+
TITLE=Label: D16, Spot_Id: 426549, Peak_List_Id: 588938, MSMS Job_Run_Id: 25491, Comment: 
82.051117	4229.8423
110.05574	31398.068
121.05027	5129.2676
155.0601	5218.1191
156.04633	4383.248
191.02258	7657.8887
313.98834	4124.1157
356.09708	14950.783
360.84732	3998.4556
470.17865	4409.8896
519.03003	5622.9321
542.84338	4659.3765
604.78851	4964.0552
617.23029	5500.6313
643.21228	4106.1279
651.80835	7492.1528
652.82202	4508.4756
682.0741	11510.147
697.79504	7066.8813
730.25183	6538.8164
773.88849	8178.9463
775.83868	13259.798
778.888	9492.5381
782.66174	8712.0479
783.81769	12951.249
784.78369	6664.5674
785.76068	8279.418
789.71997	6620.8838
919.05518	9664.9365
920.99091	10881.663
END IONS
BEGIN IONS
PEPMASS=996.83148
CHARGE=1+
TITLE=Label: D22, Spot_Id: 426552, Peak_List_Id: 588943, MSMS Job_Run_Id: 25491, Comment: 
86.06356	4343.0327
107.03434	3994.4561
151.86678	3555.988
153.89627	5424.4482
172.01479	3134.5959
242.78227	3828.8899
261.8833	3175.7429
350.84192	5454.1616
352.83453	4297.1104
360.87268	4102.0762
442.85425	4321.0151
468.87985	6186.9883
530.78174	6350.5332
532.78186	5377.9087
559.82275	3854.5999
795.79822	8401.749
797.76489	6295.7036
800.7301	15846.329
801.77295	5754.2759
802.76758	17573.605
804.75165	17146.945
807.75958	17187.51
808.74896	8005.6797
809.75098	17870.266
810.72565	7963.6216
812.72473	5868.9775
938.96106	11129.624
941.8894	4168.2988
944.34326	4185.8955
953.00928	3773.1169
END IONS
BEGIN IONS
PEPMASS=998.81964
CHARGE=1+
TITLE=Label: C14, Spot_Id: 426523, Peak_List_Id: 588917, MSMS Job_Run_Id: 25491, Comment: 
147.04839	4480.4502
172.03743	5131.644
242.77727	3679.0042
350.84775	5253.6729
352.82907	4614.2749
362.81824	4078.1523
368.06293	4461.2954
449.85464	5544.6626
495.91507	4585.5259
519.02356	4799.2788
529.72632	3829.4495
530.76697	4771.9243
532.79956	6731.8594
534.77527	5231.6895
799.77124	14489.251
800.75848	6951.1494
801.76038	10751.052
803.71344	11827.315
804.78156	12808.462
806.73041	16918.189
807.74146	19951.605
809.76221	13486.358
810.72552	13645.687
811.73761	7194.6128
813.72687	5992.9863
898.00421	3516.6025
936.9231	3528.0518
943.48584	3656.3623
953.97223	4297.0005
958.94861	3684.699
END IONS
BEGIN IONS
PEPMASS=998.86566
CHARGE=1+
TITLE=Label: G20, Spot_Id: 426623, Peak_List_Id: 588954, MSMS Job_Run_Id: 25491, Comment: 
100.07211	4086.387
147.02686	4216.9087
151.83479	5120.0269
153.83688	4212.4189
242.77032	6031.8037
350.811	6856.083
352.85107	4550.4561
358.83167	4260.4414
360.81241	4113.4419
530.79291	6515.8711
532.7807	8044.5845
797.73932	11719.285
798.7804	6593.2847
800.74146	8688.3057
801.71332	11331.489
802.74115	15863.376
803.75531	7013.645
804.71716	16742.748
806.74475	14431.771
807.74292	18604.619
808.72437	9966.8301
809.7561	23391.258
908.84686	6317.644
910.896	4233.9512
937.01001	5056.1948
937.70245	6676.2319
940.99249	7236.0664
952.94763	10954.991
956.00421	4434.0171
971.33807	6268.2114
END IONS
BEGIN IONS
PEPMASS=998.87061
CHARGE=1+
TITLE=Label: F20, Spot_Id: 426599, Peak_List_Id: 588951, MSMS Job_Run_Id: 25491, Comment: 
122.03237	3183.0745
147.02826	3439.7549
153.84084	4803.686
240.78604	3743.9468
271.91745	3448.3523
350.83643	5300.8555
352.84467	6852.8843
358.83603	4893.1387
360.82028	3792.2205
377.823	3292.3936
468.85941	4691.5913
530.79376	4473.9756
532.79559	5542.7168
796.75989	9458.6006
800.72906	8480.75
802.73816	14716.568
803.76556	10657.487
804.72424	9430.041
805.74152	6983.022
807.75092	26279.037
808.7749	16567.664
809.75043	19966.543
810.73413	8557.6475
812.74084	8426.7607
909.84894	4156.0342
910.88104	3652.9668
912.78998	3131.0725
938.91382	9555.2773
953.16241	10276.499
954.99353	13213.055
END IONS
BEGIN IONS
PEPMASS=1022.4979
CHARGE=1+
TITLE=Label: B10, Spot_Id: 426501, Peak_List_Id: 588899, MSMS Job_Run_Id: 25491, Comment: 
110.04492	6703.0874
151.84471	8225.5117
153.83932	6385.9878
167.07309	8607.457
195.06467	15294.394
242.79265	6781.7378
266.08966	10667.241
269.90338	6377.4595
329.72025	5896.0342
360.83005	5670.1494
420.69409	5631.3359
447.78317	7713.5752
449.77435	12385.584
451.76355	6561.8901
511.72464	6484.1865
513.70154	5308.0767
538.69623	9182.7666
540.77173	10566.437
822.7569	8670.4385
826.78583	6551.8882
828.72809	6003.9702
829.7193	7214.3301
832.75659	11269.182
833.73419	8653.627
835.71381	13709.29
837.71289	7262.9565
838.68591	7291.1699
978.95129	10972.102
980.97925	24639.041
983.02203	8552.0664
END IONS
BEGIN IONS
PEPMASS=1024.7322
CHARGE=1+
TITLE=Label: A2, Spot_Id: 426481, Peak_List_Id: 588880, MSMS Job_Run_Id: 25491, Comment: 
151.84018	6587.0137
153.84175	4561.0288
242.78256	6585.9414
269.87878	7349.3306
358.83176	6852.7671
360.83899	7179.8262
420.70587	5577.6631
422.74915	4832.7134
447.77438	7524.2778
449.76532	12922.688
451.77573	8609.7988
511.76294	7694.9917
513.69482	4857.4233
536.72052	5924.3535
538.70959	13001.249
540.70563	10787.568
542.73206	4286.0947
832.69928	7582.1177
833.72247	6308.5625
835.68207	15013.835
836.68213	8766.8096
837.70068	6593.6074
838.6875	4772.1816
839.66821	6081.8916
936.78064	10085.307
938.82599	5647.3237
978.99811	7241.3398
980.99652	25401.902
982.98444	14707.751
983.39014	8125.5342
END IONS
BEGIN IONS
PEPMASS=1024.8083
CHARGE=1+
TITLE=Label: E24, Spot_Id: 426577, Peak_List_Id: 588947, MSMS Job_Run_Id: 25491, Comment: 
100.08782	3626.9875
107.01724	4339.1406
151.84657	8348.9844
240.76875	4160.1538
242.78423	3717.2024
331.72461	4550.1753
358.82999	3835.061
360.82904	3840.7754
424.75119	4327.6416
447.80069	3607.6902
449.75989	7547.4443
451.76895	4898.4282
511.76169	5257.27
538.70917	7463.4526
540.69696	7113.2139
565.7901	3425.0901
791.7027	3797.2175
825.72815	9119.7588
826.80853	5473.7949
827.78369	5843.6006
829.71472	6418.916
832.67249	4673.1831
833.70374	5360.8276
834.70746	5021.6001
835.68524	14044.595
838.65778	4380.3613
936.85822	8309.6113
980.00989	5215.771
980.89465	6665.7383
983.02222	15267.388
END IONS
BEGIN IONS
PEPMASS=1026.7803
CHARGE=1+
TITLE=Label: C24, Spot_Id: 426518, Peak_List_Id: 588913, MSMS Job_Run_Id: 25491, Comment: 
70.049568	4192.3726
151.84814	5710.7881
153.85724	6045.833
240.8009	4887.8208
242.80463	5577.9409
331.72897	5390.1255
358.85318	6199.9795
422.75607	4685.5884
424.69937	4250.4756
447.79544	5577.3477
449.79065	12569.843
451.80099	5742.2104
511.7301	5526.1885
538.74786	7406.9712
540.73853	7384.4946
542.75818	5166.5928
791.72778	4175.9614
828.80829	7063.9937
830.74182	6865.3384
832.74182	8711.8691
835.71436	12961.214
837.70551	9389.5635
838.71851	6171.022
839.68005	5286.8398
936.8092	11477.522
964.25848	4572.6001
979.01318	12074.701
981.01282	19653.607
983.05426	17283.576
984.94922	9816.7021
END IONS
BEGIN IONS
PEPMASS=1045.512
CHARGE=1+
TITLE=Label: B14, Spot_Id: 426499, Peak_List_Id: 588893, MSMS Job_Run_Id: 25491, Comment: 
70.062477	81787.328
86.085724	80066.391
87.064003	43256.156
110.04876	14279.909
112.05994	18539.037
169.06961	16630.701
175.08931	28981.777
185.08652	17161.342
197.06987	14343.908
225.06934	31318.229
229.10591	15912.662
262.1051	22346.348
270.1228	16981.207
272.08734	5549.7637
289.10257	17410.395
296.10178	20639.84
316.11804	6498.6201
359.14868	7321.7007
489.24969	7945.9751
741.30029	5626.9893
758.38153	5640.1494
844.71198	6264.4692
849.71191	8429.0898
852.58759	7429.5161
853.68463	9338.9365
855.65515	9766.6689
856.62286	9316.0313
857.6485	6126.7446
858.638	10039.85
860.63568	8954.3164
END IONS
BEGIN IONS
PEPMASS=1045.5336
CHARGE=1+
TITLE=Label: C16, Spot_Id: 426522, Peak_List_Id: 588916, MSMS Job_Run_Id: 25491, Comment: 
70.049599	8656.6172
70.124901	5032.0698
86.073875	12206.94
87.03701	3823.9119
107.01544	3058.0334
112.05286	3108.8252
147.02933	3366.0269
225.02721	4172.7554
654.70679	4329.2412
845.09277	4095.4722
845.84888	6177.8638
846.69128	12383.015
848.67365	7528.6851
850.7951	10147.706
851.64539	7390.9077
852.66315	7189.0869
853.67072	7763.6753
854.6405	13471.294
856.61102	7233.5371
858.65234	11667.321
860.65118	4472.022
968.7016	3009.5879
980.90234	5240.9248
982.98816	6545.8516
988.1004	3311.395
1000.3712	3229.8613
1010.5504	3751.9778
1020.9512	3216.9102
1025.021	6167.6479
1025.5011	3148.9985
END IONS
BEGIN IONS
PEPMASS=1052.509
CHARGE=1+
TITLE=Label: B10, Spot_Id: 426501, Peak_List_Id: 588897, MSMS Job_Run_Id: 25491, Comment: 
70.058159	30695.695
86.089928	62364.523
87.066498	52679.766
101.06097	30031.191
110.06301	66490.758
112.07039	31366.785
175.09578	31358.34
197.09863	66765.195
208.05251	21676.662
225.08063	162686
229.10646	31510.4
262.12216	9668.0039
272.10226	9543.6641
289.11203	9343.8789
296.11267	107267.52
343.16516	24428.961
386.13165	15070.743
403.18182	10027.662
409.19046	16728.928
457.24472	13934.782
516.23865	9585.6553
537.24109	18639.277
570.30371	11237.87
698.39197	12983.498
853.71277	9743.1738
856.65118	12742.373
858.65326	11983.773
860.65472	7615.3394
861.66846	12036.268
864.65179	13719.979
END IONS
BEGIN IONS
PEPMASS=1060.5173
CHARGE=1+
TITLE=Label: D2, Spot_Id: 426542, Peak_List_Id: 588934, MSMS Job_Run_Id: 25491, Comment: 
70.069397	31109.729
86.075241	4765.23
87.080925	5932.5806
112.06216	13244.93
120.07443	4472.1509
130.10342	3786.1858
153.84584	3559.2339
155.0556	5465.1992
192.13585	4028.979
197.11584	2919.9565
252.07845	2975.408
312.04541	2949.9038
338.04626	2555.6975
451.7673	2273.3669
633.88342	3435.51
815.91895	3814.5103
830.90344	2584.2637
858.70111	3273.9507
859.69238	3286.1741
860.71515	16099.261
862.71173	10515.399
864.68408	7619.4614
866.65344	10841.332
868.65283	7560.9048
871.65479	7263.9067
872.67273	13945.912
874.63812	9080.9609
876.60687	5734.3677
904.44556	48571.871
1038.5149	5684.1494
END IONS
BEGIN IONS
PEPMASS=1060.5531
CHARGE=1+
TITLE=Label: C24, Spot_Id: 426518, Peak_List_Id: 588910, MSMS Job_Run_Id: 25491, Comment: 
70.05616	62199.496
86.082527	9116.6104
87.062576	12457.993
98.060356	4822.9219
100.08074	7866.1987
112.0691	28097.867
120.06378	7118.3584
155.06834	7699.2134
157.0858	4237.3506
167.10027	5950.7222
175.10179	5554.3628
292.12411	2783.3965
305.13693	2379.2498
323.20563	5384.5786
513.68628	3078.2759
527.29669	3224.906
769.12579	2655.71
794.81738	4330.0337
857.76782	4975.5107
860.6416	9055.2959
861.7348	6232.2368
862.73328	6893.9429
864.6781	8259.1709
866.71387	9390.8428
871.64008	7870.5938
873.68622	9009.2588
877.73364	7060.6685
904.42871	96113.047
1018.7475	4946.1055
1032.0532	7033.396
END IONS
BEGIN IONS
PEPMASS=1070.6989
CHARGE=1+
TITLE=Label: A2, Spot_Id: 426481, Peak_List_Id: 588882, MSMS Job_Run_Id: 25491, Comment: 
153.83752	5591.2734
240.7937	4619.2007
242.79053	4160.2676
244.7778	3050.4482
271.89801	3686.9121
358.87186	7101.1816
360.85419	4738.4434
420.76648	4966.6182
424.77036	4250.7783
447.78604	3893.5657
449.78989	10777.387
451.78119	8004.4512
513.76208	4421.2036
538.74127	6174.4448
540.74451	5436.4683
602.75342	3244.3467
631.8241	3421.1523
747.81543	6518.5449
749.78033	3651.9475
872.80756	8169.4722
877.73291	13127.32
879.71515	21281.232
881.70709	27549.311
883.69122	9827.0557
884.66003	6341.519
978.85541	6998.604
980.82513	8242.7598
982.79657	4785.3984
1023.9829	6579.1694
1028.0723	13380.154
END IONS
BEGIN IONS
PEPMASS=1076.5359
CHARGE=1+
TITLE=Label: C18, Spot_Id: 426521, Peak_List_Id: 588915, MSMS Job_Run_Id: 25491, Comment: 
70.057037	13558.649
86.082375	6175.6563
107.04067	2719.6892
112.07018	3824.5703
115.04261	2835.6462
116.30744	2889.4678
118.08745	3146.9663
120.99927	3461.5925
135.0291	3696.2087
172.00813	3479.1519
226.12866	2658.6738
269.90875	2238.5081
449.77832	3815.0073
538.78217	4247.2905
624.10864	2675.8369
683.04883	2174.6406
749.72241	3041.8071
786.16852	3545.2834
798.71191	3232.4578
874.67804	8089.3652
876.66315	10163.85
878.66541	13170.088
879.67303	7711.0586
881.67865	6913.8755
883.62738	12506.193
885.63263	6906.1543
890.59308	7394.793
894.7854	5596.3799
920.42517	13413.028
1044.2712	5853.8398
END IONS
BEGIN IONS
PEPMASS=1080.556
CHARGE=1+
TITLE=Label: C10, Spot_Id: 426525, Peak_List_Id: 588920, MSMS Job_Run_Id: 25491, Comment: 
70.060242	5081.2744
86.084396	6547.0938
102.98412	2532.0198
110.06545	5252.8057
121.02206	3176.5195
136.06467	3131.7185
141.06824	2231.7471
147.00314	3151.0513
151.85458	2034.0541
153.85974	2486.5012
235.06529	2569.5164
292.11646	2018.6847
331.78885	1589.2947
373.91	2125.7666
540.76819	1957.2188
640.76099	1811.7629
699.84558	2866.1506
794.58026	1948.4005
844.98688	2324.4697
878.73535	5873.6431
879.76563	5193.2085
881.74921	8904.7139
883.729	9216.2402
884.67761	10508.349
885.65985	5134.5747
886.66321	13305.581
888.62823	7886.0112
891.8938	4194.9995
892.7074	15947.003
894.86804	4263.5718
END IONS
BEGIN IONS
PEPMASS=1107.4386
CHARGE=1+
TITLE=Label: B12, Spot_Id: 426500, Peak_List_Id: 588895, MSMS Job_Run_Id: 25491, Comment: 
70.065834	4272.3125
191.00937	21982.764
193.01346	7061.979
237.01686	17424.285
247.00343	3585.8562
259.01788	16934.809
261.00909	8175.3721
286.98282	11344.736
292.05371	3804.6667
316.02893	4032.0313
324.03687	16744.426
351.04538	4588.7153
358.16068	3981.6013
438.06418	6374.9736
439.04553	4165.7046
440.0766	4318.1006
465.09241	3922.781
551.14191	10834.979
578.12189	5116.4648
652.18781	9458.8447
654.16913	7376.6138
813.05933	3761.1875
820.26788	21443.131
822.25525	5901.9429
890.32416	5016.2993
907.30566	12020.607
908.67908	5144.1689
914.56848	6213.2778
919.6861	12159.315
923.56793	4090.8303
END IONS
BEGIN IONS
PEPMASS=1114.4332
CHARGE=1+
TITLE=Label: B11, Spot_Id: 426487, Peak_List_Id: 588884, MSMS Job_Run_Id: 25491, Comment: 
97.007744	1996.453
107.04207	2553.4109
191.02525	7542.9985
193.00931	3231.3938
237.0121	3761.4133
239.01724	2420.5574
247.00089	2727.8416
248.98213	2021.184
259.01151	11769.622
260.9939	5741.9761
287.02286	4812.4365
289.02374	2156.9048
324.01257	2216.165
351.06894	2656.2312
358.04401	1765.3005
465.07993	1941.3018
578.13379	3600.8911
632.27722	1664.9783
739.24658	1576.1188
821.25085	3667.5564
823.33435	2042.8247
890.36926	2886.606
892.39368	2057.1226
918.77405	2526.8157
922.86395	1748.5498
923.4809	1912.5592
924.97137	1915.2411
926.83923	3212.7236
928.56354	3521.908
929.50684	1784.4346
END IONS
BEGIN IONS
PEPMASS=1114.4338
CHARGE=1+
TITLE=Label: B10, Spot_Id: 426501, Peak_List_Id: 588898, MSMS Job_Run_Id: 25491, Comment: 
171.97939	4019.5757
173.99696	4396.6055
191.01767	21315.859
193.01692	7915.2861
223.02965	3936.7954
237.01854	10724.551
239.01779	4072.4016
259.01129	27919.209
261.03384	19862.404
287.0174	14489.418
289.02948	6296.3428
291.05612	6085.5923
334.06055	6697.0415
351.05176	7016.228
358.07138	3555.2253
361.00146	4527.5674
405.08841	4042.8347
443.13629	6500.7925
465.08987	7000.0967
467.07776	3723.8628
519.13379	3682.8943
578.19501	15110.73
580.18396	3597.9099
706.21973	4877.9922
819.31244	4786.5249
826.29901	4822.1187
890.35211	6785.1313
918.6402	7472.4263
919.65619	6135.436
958.3631	7352.9766
END IONS
BEGIN IONS
PEPMASS=1122.4844
CHARGE=1+
TITLE=Label: C24, Spot_Id: 426518, Peak_List_Id: 588911, MSMS Job_Run_Id: 25491, Comment: 
70.068108	4754.3359
86.081757	3417.7957
107.03567	1988.3063
191.02553	15317.854
192.03159	10540.538
193.01881	11419.426
237.05554	3000.0881
239.02168	2396.3721
273.06674	2649.312
313.10226	2715.4968
317.98169	2900.7532
385.14517	5972.6074
442.15378	12803.127
444.17078	4764.4175
445.1218	3712.1306
481.13382	4084.5083
568.09558	2065.677
589.255	4525.8369
706.22443	4291.2202
741.70905	1751.4019
922.59027	4059.5505
923.86462	9548.1416
925.78113	1788.5948
932.68335	5764.7085
934.88971	5546.3638
935.71753	6641.0254
936.74762	7480.5391
938.72681	4402.792
966.36108	3978.3638
END IONS
BEGIN IONS
PEPMASS=1140.5059
CHARGE=1+
TITLE=Label: B24, Spot_Id: 426494, Peak_List_Id: 588887, MSMS Job_Run_Id: 25491, Comment: 
70.042702	1386.672
70.11113	1440.2871
97.15081	1761.9556
102.03683	4129.9365
103.00823	2415.1079
105.06358	2456.2771
112.0649	3124.929
112.53841	1398.1359
120.06622	3021.0325
128.03339	1635.3005
157.06558	1899.684
463.19998	3596.6108
568.78741	1108.1735
610.30341	2930.0068
928.92261	1971.9292
938.79285	5108.3745
940.93665	7619.9072
942.73029	9654.4863
944.68738	8449.9932
948.53638	2474.9385
950.53479	1462.5343
958.79895	2186.0815
END IONS
BEGIN IONS
PEPMASS=1173.4608
CHARGE=1+
TITLE=Label: C2, Spot_Id: 426529, Peak_List_Id: 588926, MSMS Job_Run_Id: 25491, Comment: 
70.07444	12639.16
74.0578	31677.443
87.057312	15014.082
112.06879	11393.549
120.06564	18614.539
136.05928	20811.092
175.09152	17246.459
189.06717	5505.7676
229.10286	7402.3242
231.09526	13551.288
259.08246	6316.3779
272.0921	6285.9575
276.08337	2379.9805
289.14453	3206.6404
342.11725	2997.0391
344.15436	2076.7104
360.13495	7928.5776
429.1214	5377.2012
435.17126	3356.0122
452.2229	3558.2859
686.20825	1708.2477
704.28198	2631.0771
975.86237	2387.4558
978.81421	9441.0234
980.7594	7261.627
981.80804	2095.8486
982.78778	5093.2075
984.69525	6153.1191
988.80487	13662.508
990.76373	2381.5266
END IONS
BEGIN IONS
PEPMASS=1173.4929
CHARGE=1+
TITLE=Label: B22, Spot_Id: 426495, Peak_List_Id: 588889, MSMS Job_Run_Id: 25491, Comment: 
70.070297	21400.445
74.06987	66620.07
87.069763	48134.988
112.07554	37520.691
120.06924	42736.637
136.06352	69379.781
171.0616	21494.547
175.08984	66694.469
223.0948	16120.143
229.11583	19232.725
231.09917	34616.82
272.10562	24305.313
289.13632	10782.966
342.12384	9100.5898
344.14716	6917.8438
360.13486	24779.355
429.17462	9090.5625
435.16101	9198.6543
452.19095	5725.7192
539.24255	14978.753
623.23138	4759.8994
686.24738	5512.7407
704.26489	5399.1182
727.31506	7460.5791
980.78241	14242.38
982.75244	8120.1733
984.77399	6913.0103
987.73602	10212.147
1129.8737	10061.53
1144.0645	5514.1958
END IONS
BEGIN IONS
PEPMASS=1190.4808
CHARGE=1+
TITLE=Label: B4, Spot_Id: 426504, Peak_List_Id: 588901, MSMS Job_Run_Id: 25491, Comment: 
74.076813	39955.68
84.049889	29837.119
87.075073	51092.063
101.07425	63668.199
112.07553	36869.652
120.07891	53330.121
136.07608	72075.953
175.10532	82436.305
229.13159	23572.795
231.1114	52495.66
248.14011	55419.828
272.12125	28651.734
276.12366	22115.564
289.14505	13381.552
344.19836	7243.9316
359.15945	7872.2837
360.15536	6673.7676
377.16449	8292.3359
401.1358	6480.771
435.2157	7797.5186
446.22659	7427.459
452.21094	8914.5693
539.25934	28490.434
594.30719	6204.7002
640.32672	6433.5229
781.41437	5641.1333
814.39252	9254.1689
988.88068	5798.5742
998.8454	7912.7842
1000.7356	12770.53
END IONS
BEGIN IONS
PEPMASS=1190.4846
CHARGE=1+
TITLE=Label: B3, Spot_Id: 426483, Peak_List_Id: 588883, MSMS Job_Run_Id: 25491, Comment: 
74.075867	9179.6719
84.068741	5543.3184
87.077438	6174.5542
100.08555	3782.385
101.06796	13099.271
112.07193	7714.6592
120.09029	13628.544
136.06961	11119.934
175.10304	15326.397
231.11353	10101.936
248.14619	11711.742
272.12247	6054.3179
276.15161	2235.0251
289.15851	2756.0242
345.17264	1565.8295
359.12219	1767.5774
360.12555	2423.7751
452.17923	1652.826
539.26593	2788.7727
810.96716	1646.0692
814.44806	2595.8923
840.36456	1597.9998
869.3407	1767.0598
958.69659	1733.8748
990.92035	3365.2788
998.89734	3228.8823
1001.8857	2389.6558
1003.7828	2158.3289
1096.345	1432.9082
1144.4111	1576.4176
END IONS
BEGIN IONS
PEPMASS=1190.5269
CHARGE=1+
TITLE=Label: C8, Spot_Id: 426526, Peak_List_Id: 588922, MSMS Job_Run_Id: 25491, Comment: 
70.08757	6520.5332
74.068031	3962.5466
86.104767	5980.5459
87.076653	3338.6338
101.063	5867.0991
120.07518	8897.9121
121.03561	3433.6772
147.04364	3428.0647
175.09889	2752.0198
219.13853	5298.4937
247.13387	3978.1951
272.14423	3269.5708
398.14709	2728.7017
416.18005	24619.959
418.30518	2781.5671
544.24988	3142.0203
702.35858	5705.2832
757.34766	3599.7012
775.36707	15030.094
815.39014	6389.6304
943.54388	5304.0425
954.82813	4827.9717
990.92456	9424.5771
991.88062	3641.3052
997.92145	3635.8123
998.81757	12542.242
1000.8143	8432.8828
1002.7071	4861.373
1005.7837	4477.2627
1166.3966	3668.3169
END IONS
BEGIN IONS
PEPMASS=1190.5316
CHARGE=1+
TITLE=Label: C7, Spot_Id: 426509, Peak_List_Id: 588907, MSMS Job_Run_Id: 25491, Comment: 
70.053535	1555.7849
72.885269	1601.7469
84.052185	1912.2953
86.088242	1882.9661
101.04646	2189.9746
102.04475	1590.3202
120.0751	3668.8164
219.12109	1751.9219
247.14545	2783.6165
415.81488	2069.9844
416.18311	7624.9292
544.14191	2646.5566
607.78375	1645.7643
629.55176	1568.95
773.67249	1883.6799
775.3479	2458.3169
815.38501	2547.7986
992.86469	1740.3774
995.70081	1883.9985
996.87964	3646.6943
997.8642	2830.4558
998.46106	1601.0085
1000.7614	4615.2598
1001.7757	1755.5237
1004.7899	3140.7234
1113.3755	1749.7644
1149.0281	3087.6956
1151.8772	2574.3877
1158.8032	1753.6609
1160.51	2579.2893
END IONS
BEGIN IONS
PEPMASS=1191.4886
CHARGE=1+
TITLE=Label: B12, Spot_Id: 426500, Peak_List_Id: 588896, MSMS Job_Run_Id: 25491, Comment: 
70.053032	3477.6128
86.103325	2922.6519
100.08702	3200.0203
101.08616	8017.5171
112.07069	4218.3091
120.06356	3169.9839
136.07881	6701.0083
175.08267	6206.8867
225.08453	3807.2725
230.1167	2868.7969
231.12642	4411.1421
261.01599	2034.3831
276.08258	2678.4229
296.09766	2468.4971
417.19165	2895.9429
435.18564	1617.0785
471.26382	2330.3381
497.14059	2872.7517
952.81439	4299.998
956.83875	2275.4939
988.94092	4122.084
990.94373	2648.1931
996.83081	8698.7021
998.74701	8206.6123
1000.7338	6050.6182
1002.7617	6588.5474
1005.7337	3938.8828
1044.6628	2267.7126
1135.0879	3379.4287
1146.8737	2482.5166
END IONS
BEGIN IONS
PEPMASS=1226.5024
CHARGE=1+
TITLE=Label: C6, Spot_Id: 426527, Peak_List_Id: 588923, MSMS Job_Run_Id: 25491, Comment: 
70.066734	20307.746
101.04508	2415.9011
112.06715	3320.4045
116.02488	2339.052
135.00604	2230.416
159.07288	5780.5947
175.09329	12873.365
190.99794	3566.7693
217.06084	2754.8384
226.10959	2750.074
245.07742	2631.2637
295.11731	2636.7148
410.17114	1641.7728
556.21411	2009.3854
573.22498	2371.5581
611.7865	1594.5154
660.22089	2370.7769
965.38751	2519.5022
967.41895	2118.7681
982.43884	16153.604
1002.7189	2418.0437
1024.7826	2749.6262
1027.7623	3850.6921
1032.7909	2634.8132
1035.5393	1654.3657
1036.6666	3319.3921
1039.7186	4542.3403
1111.5396	5355.3154
END IONS
BEGIN IONS
PEPMASS=1226.5034
CHARGE=1+
TITLE=Label: C7, Spot_Id: 426509, Peak_List_Id: 588906, MSMS Job_Run_Id: 25491, Comment: 
69.997078	1762.8354
70.071709	4760.9893
71.091103	1548.3295
102.04993	1571.6488
112.04696	1792.9977
130.04909	2266.7454
158.09908	1650.882
159.07162	2259.0349
175.09166	8879.7471
181.09001	1753.4125
245.18092	2471.0923
323.13443	2584.1377
556.23761	1608.2965
556.5658	1197.5096
573.23425	3283.9424
694.78217	1702.3607
838.72943	1460.8121
931.16815	2354.7275
981.81567	1751.9792
982.42975	9218.9023
1026.8428	1762.3079
1030.7524	1949.4961
1032.8013	1368.2147
1040.7498	4025.7161
1041.7228	1844.1478
1042.6862	2619.4666
1043.714	2037.269
1044.7032	1821.0264
1111.5126	1921.9036
1200.7859	2234.9915
END IONS
BEGIN IONS
PEPMASS=1235.3745
CHARGE=1+
TITLE=Label: C2, Spot_Id: 426529, Peak_List_Id: 588929, MSMS Job_Run_Id: 25491, Comment: 
87.516068	2086.5273
97.932678	1529.13
121.28297	1456.7428
147.02196	1905.5784
191.01424	9504.4971
193.0081	3390.8774
222.9819	1153.9717
237.0126	6651.0962
239.01283	2271.3562
284.99463	1898.8712
292.9968	2090.3435
306.03595	1289.7428
351.05295	2689.9395
514.14563	3739.8984
516.14893	2111.9224
601.11725	5635.0928
603.14465	2997.0093
702.14685	2865.3113
791.1875	4436.4663
876.29071	2552.9668
1037.7697	3138.7319
1040.7333	9839.3926
1042.6982	7431.2598
1043.7408	2005.967
1044.75	11495.566
1046.7013	6894.2822
1049.7383	2857.8079
1143.9746	2132.6096
1148.399	3085.5327
1193.0773	1630.2654
END IONS
BEGIN IONS
PEPMASS=1235.4028
CHARGE=1+
TITLE=Label: B22, Spot_Id: 426495, Peak_List_Id: 588891, MSMS Job_Run_Id: 25491, Comment: 
140.27617	2190.1375
191.02519	26441.004
193.01358	10663.662
237.02219	18452.254
239.0126	4394.1108
272.07944	2135.9829
291.04318	3695.3101
317.02878	3163.748
334.01688	4750.7144
351.05576	8702.832
352.0509	2796.3831
353.03918	3141.6582
514.10339	18668.133
516.1051	7693.9087
601.14728	15436.227
603.14532	4006.8047
702.17749	11564.002
704.18561	3699.377
789.20459	14694.872
791.19928	4738.1768
862.6236	2415.8435
876.21942	10650.043
977.29651	11679.619
1038.7603	3530.6194
1042.7242	12473.224
1044.6952	13077.731
1045.6527	4170.1084
1046.7136	5671.7075
1200.817	2730.8787
1214.3499	2542.8948
END IONS
BEGIN IONS
PEPMASS=1252.4034
CHARGE=1+
TITLE=Label: B4, Spot_Id: 426504, Peak_List_Id: 588902, MSMS Job_Run_Id: 25491, Comment: 
191.02162	20479.648
193.02205	9309.6787
237.01204	15233.841
239.02965	6360.3008
291.05746	4503.2544
292.06042	3036.4241
310.06369	3839.3645
312.03912	5532.6323
334.05923	3634.7332
351.04526	10032.884
353.02145	5668.0107
406.11096	2810.9009
514.1228	14868.588
516.09216	3570.9861
601.12451	20431.979
603.16449	5531.6709
702.16998	9440.4053
704.17041	6970.8135
789.20514	13355.459
791.21521	3407.8577
876.25049	6505.6636
977.27753	10035.371
1050.7526	3867.9421
1056.687	3541.9956
1060.7628	4069.1499
1070.6764	3745.585
1078.3127	6574.9741
1195.2665	3580.7061
1202.1924	2914.5193
1211.2166	4469.1865
END IONS
BEGIN IONS
PEPMASS=1252.4573
CHARGE=1+
TITLE=Label: C8, Spot_Id: 426526, Peak_List_Id: 588921, MSMS Job_Run_Id: 25491, Comment: 
70.063354	4454.1836
120.06806	3364.678
281.07306	5909.4761
283.06558	3558.4707
306.05255	3993.0632
331.0535	3904.9172
333.08914	3330.116
352.09781	3609.3223
361.16486	4382.6821
410.13895	7584.9326
412.09476	4073.2585
437.12524	3747.6812
478.09488	4784.8218
606.14771	15807.86
608.14386	10095.763
709.19727	14251.169
764.22571	8738.6084
766.22406	3430.105
795.76569	3669.79
809.36237	4100.9419
837.27234	48416.609
839.27106	13665.362
877.30823	19745.289
977.37579	7159.998
979.38037	4341.7246
1005.3703	15071.903
1007.3519	6744.4819
1062.6162	5830.4307
1065.6648	5661.4307
1106.4672	16930.563
END IONS
BEGIN IONS
PEPMASS=1252.4802
CHARGE=1+
TITLE=Label: C7, Spot_Id: 426509, Peak_List_Id: 588905, MSMS Job_Run_Id: 25491, Comment: 
84.112228	1878.2925
86.100075	2019.2528
105.32042	1842.9647
107.0517	1986.1339
118.10693	2056.7979
120.99219	2014.863
281.0517	3766.1956
283.09113	1601.0861
304.09958	1863.8634
333.05811	1597.3743
390.08484	1893.5953
410.14163	4217.3418
411.03482	1941.3503
438.10068	3732.3828
553.20917	1669.384
606.15521	4259.4731
709.20264	4954.9209
764.22119	3935.9333
766.22595	1651.9287
837.2738	12919.245
839.27448	3726.1736
877.3017	2039.1866
977.3764	1565.1431
1005.3766	5379.6128
1064.7523	1973.8625
1072.6921	2000.0439
1106.485	3970.8147
1159.2893	2009.6224
1191.6719	2334.5786
1232.3962	1612.6433
END IONS
BEGIN IONS
PEPMASS=1254.4044
CHARGE=1+
TITLE=Label: B6, Spot_Id: 426503, Peak_List_Id: 588900, MSMS Job_Run_Id: 25491, Comment: 
191.01697	8421.1318
193.03654	3514.175
237.01784	6289.4072
239.03319	3311.176
246.98573	1988.25
248.03697	2750.2898
310.04404	4393.2646
312.04077	3251.6111
334.03702	2102.1169
351.03937	4143.9712
514.10132	7450.2007
516.13092	3020.3049
601.1377	9290.2305
702.20331	2507.7415
789.22363	5584.4717
876.23633	2943.8555
877.6994	3776.6011
977.32526	3424.0457
978.37573	2072.6084
1044.7839	2525.0432
1055.7339	2607.4763
1059.8229	7521.877
1060.7144	6849.9438
1062.7323	4363.3545
1064.6613	5235.2568
1065.9838	2107.7273
1066.6376	3000.1179
1068.6553	2265.5293
1206.3291	2051.6113
1233.7332	2550.9016
END IONS
BEGIN IONS
PEPMASS=1300.3711
CHARGE=1+
TITLE=Label: D15, Spot_Id: 426534, Peak_List_Id: 588930, MSMS Job_Run_Id: 25491, Comment: 
86.104362	2543.6409
302.05103	6860.8496
304.0206	3092.0618
347.06479	2872.3435
373.09525	3245.9539
377.00781	3009.8806
437.08484	2451.0266
444.07114	3593.0757
487.14642	3218.239
489.19867	3532.8181
559.12695	5884.5615
646.13824	2927.7449
673.12823	22511.641
675.14288	6742.5361
802.17462	14519.395
803.16565	5603.2993
804.21362	15516.475
806.24597	2817.4355
904.26172	4543.0283
919.22247	6554.9912
931.229	27716.621
933.20398	13186.746
988.25604	24287.617
990.23883	7561.9399
1034.2115	2630.8196
1107.7266	4842.5005
1135.3862	35684.141
1138.356	5758.7734
1153.4058	2864.4683
1245.4852	2632.8091
END IONS
BEGIN IONS
PEPMASS=1300.3743
CHARGE=1+
TITLE=Label: D14, Spot_Id: 426548, Peak_List_Id: 588936, MSMS Job_Run_Id: 25491, Comment: 
292.02957	3665.7585
302.07764	8907.9863
304.07245	4970.4058
347.0611	4075.563
373.09888	3672.7463
375.07483	4438.4888
416.09464	8519.0068
418.09976	5294.7788
444.09781	5219.9507
487.17905	6956.5952
559.13812	10991.911
561.11804	3975.3047
645.21252	7114.6494
646.20282	4142.5513
673.14117	37338.289
675.14874	18537.926
690.17004	3649.7595
802.18384	35997.055
804.18964	28113.143
919.2431	10373.535
931.22821	60730
933.22198	14716.538
988.25439	34613.188
1106.698	4043.5876
1108.5267	4865.3779
1109.3147	4672.5347
1112.6423	3809.2439
1133.343	4561.0034
1135.3593	56125.594
1137.3407	15094.324
END IONS
BEGIN IONS
PEPMASS=1301.3685
CHARGE=1+
TITLE=Label: D18, Spot_Id: 426550, Peak_List_Id: 588942, MSMS Job_Run_Id: 25491, Comment: 
302.06592	8029.4805
373.09573	3764.6509
444.10001	3432.7
487.14108	4697.9946
561.10315	4855.9766
673.12848	16623.557
675.12671	5460.7734
802.16522	10049.952
803.16785	7365.144
804.18457	18812.789
919.20691	12086.32
931.21472	20804.797
932.20966	6989.126
933.18591	3691.6626
934.18835	6232.4043
988.22339	14190.813
989.28156	4617.1748
990.21436	3449.4146
991.2547	3993.6194
1101.7284	6057.5605
1104.6721	7893.9502
1106.673	9672.2783
1108.7123	3940.981
1110.6315	5526.9023
1112.6121	4522.6519
1135.34	15802.604
1136.3215	13281.745
1137.3353	7356.7773
1149.744	3567.1384
1272.2805	5369.7173
END IONS
BEGIN IONS
PEPMASS=1302.3817
CHARGE=1+
TITLE=Label: D16, Spot_Id: 426549, Peak_List_Id: 588939, MSMS Job_Run_Id: 25491, Comment: 
293.034	4132.3013
302.0423	5189.2397
304.02411	6663.7793
373.07724	6366.2036
416.13205	4661.3926
444.07605	7515.2969
559.08966	10057.069
561.08209	7370.4614
673.12085	21670.732
674.1322	11660.34
675.12415	8732.752
690.12134	5328.5195
802.16156	25921.766
803.15472	6940.8164
804.17731	30714.531
904.14758	5207.1265
919.21967	9541.7266
931.2193	49483.75
933.22351	19092.641
988.23242	26700.965
990.22504	6261.0371
991.20386	4532.4272
1034.2159	4690.4492
1103.756	7377.9893
1106.7164	5080.7563
1108.3093	5149.1851
1110.3014	7358.4355
1111.6721	6677.7485
1135.3369	47078.871
1137.307	14639.305
END IONS
BEGIN IONS
PEPMASS=1318.6072
CHARGE=1+
TITLE=Label: A24, Spot_Id: 426470, Peak_List_Id: 588877, MSMS Job_Run_Id: 25491, Comment: 
69.97393	1545.6313
73.767616	1535.694
74.176445	1279.8069
84.100525	3535.9963
86.322014	1447.3936
94.795464	1597.8295
100.10539	2883.781
101.07922	1860.4119
136.06145	2142.447
146.11919	1277.855
171.56146	1566.6284
431.14871	1285.1162
481.19635	1202.8018
550.92645	1292.1979
803.20886	1525.6727
917.9472	1255.8772
1079.7668	1529.6958
1092.199	1617.2488
1110.7574	2874.9551
1122.6678	2969.5684
1125.6178	1576.925
1127.6931	4466.854
1133.7711	3610.6545
1164.7511	3289.415
1171.8541	2278.6929
1244.9885	1560.7731
1250.6929	1546.8503
1260.2913	2084.0781
1284.4296	1204.7368
1298.5209	1301.4825
END IONS
BEGIN IONS
PEPMASS=1364.2975
CHARGE=1+
TITLE=Label: D14, Spot_Id: 426548, Peak_List_Id: 588937, MSMS Job_Run_Id: 25491, Comment: 
76.190643	1438.4653
104.75603	1448.9828
116.80682	1670.5739
127.81808	2072.0544
145.97581	1446.7889
395.02615	1394.8726
506.01309	2397.79
530.91241	2449.0527
622.00165	1654.4786
735.03601	6569.7065
737.03784	5342.4019
864.08856	11016.064
866.08478	9985.4072
868.12366	3531.5857
983.13715	2805.0476
993.14355	7766.0728
995.10852	9853.7549
1050.1185	5546.4326
1052.0946	3739.6387
1053.965	2047.0189
1159.6838	4524.0513
1162.582	2601.4946
1166.6067	4115.9009
1169.5128	4743.9292
1173.5334	6094.2549
1175.5687	5620.855
1178.4949	3820.2371
1186.2584	2871.6316
1197.2736	16740.484
1199.2496	9927.2646
END IONS
BEGIN IONS
PEPMASS=1365.3026
CHARGE=1+
TITLE=Label: D16, Spot_Id: 426549, Peak_List_Id: 588941, MSMS Job_Run_Id: 25491, Comment: 
73.140038	1783.2671
87.797165	1802.873
245.13179	1968.6356
249.00992	2662.051
410.96674	1703.4443
506.02975	1847.4929
509.60425	2200.8789
735.07062	6604.7554
737.02972	8217.1621
738.0174	2231.4224
739.58368	2101.3508
837.18176	2081.113
864.05322	9952.3428
866.08545	7874.9063
867.06647	5159.5835
868.10626	2777.3291
994.1192	6696.8965
995.12787	3508.0313
996.08972	4160.1577
997.16083	2590.8821
1050.1505	2409.9497
1097.2264	2320.8372
1164.7062	3880.0806
1168.5847	3402.0117
1170.567	6381.6489
1176.5233	3108.9231
1178.6057	3917.0457
1180.9208	2459.2021
1198.2635	14885.549
1340.6127	1979.441
END IONS
BEGIN IONS
PEPMASS=1387.3748
CHARGE=1+
TITLE=Label: D6, Spot_Id: 426544, Peak_List_Id: 588935, MSMS Job_Run_Id: 25491, Comment: 
80.190857	1563.037
85.942154	1671.7025
87.802803	1853.6444
104.44594	1387.4388
302.15152	2285.1399
304.0546	1484.6115
349.04068	1523.7499
444.07861	2797.9646
648.10327	1541.946
673.14703	8603.2617
676.21985	2720.6372
802.16925	6110.6064
804.23206	2780.1096
891.21088	2631.5266
931.21967	7358.585
933.1955	4559.8232
934.35889	3175.5493
988.18286	4583.7744
991.27985	3511.3074
1135.3252	10926.875
1136.3092	4032.5723
1184.5878	3486.1541
1188.63	3758.4365
1192.7092	4606.7778
1195.6155	3206.3789
1199.4874	2172.7922
1282.5385	9461.043
1343.2666	2958.9111
1354.8759	2160.8042
1361.9091	2294.8616
END IONS
BEGIN IONS
PEPMASS=1675.7488
CHARGE=1+
TITLE=Label: B14, Spot_Id: 426499, Peak_List_Id: 588894, MSMS Job_Run_Id: 25491, Comment: 
76.852402	1363.1055
89.075089	1174.9576
91.43824	1134.1338
118.13432	2032.1796
169.09969	1791.5415
310.1828	1533.4763
311.16861	1609.4026
426.22482	1225.6062
452.2139	1146.1477
561.72144	1209.2445
586.29358	7436.3228
639.276	1496.0724
692.34601	1266.5599
819.80463	1236.626
877.36975	1514.488
1112.4806	2009.7834
1224.6296	1420.951
1269.8452	1287.5424
1297.7272	1586.0089
1433.3058	1329.1127
1447.2981	1500.7417
1468.6709	1230.0482
1476.4249	2661.2275
1484.5953	1622.6359
1487.4564	1220.7615
1586.8911	2338.3901
1596.361	1383.0691
1597.2328	1111.2992
1622.9258	2019.5356
1655.3309	1876.0299
END IONS
BEGIN IONS
PEPMASS=1694.7278
CHARGE=1+
TITLE=Label: C4, Spot_Id: 426528, Peak_List_Id: 588924, MSMS Job_Run_Id: 25491, Comment: 
71.967247	1276.4869
110.07027	15022.073
135.10608	1295.4335
155.07674	3202.7954
202.14656	1545.5233
217.08395	1497.2449
231.11661	1189.1599
235.10757	1221.6682
240.52621	1211.2721
303.14615	1960.1906
400.1239	1197.7853
406.89865	1156.0345
451.16263	1164.5746
483.42661	1241.2489
498.14288	1261.4574
500.16769	1603.776
528.1601	1785.1981
563.24152	4356.8315
757.56879	1403.6714
763.38623	1191.2415
1021.6392	1553.58
1030.4821	4260.2085
1035.4574	1569.3264
1113.3203	1631.5935
1168.5845	1412.2147
1289.5421	1422.3828
1304.6006	2376.6465
1367.0405	1863.3165
1492.4231	1658.939
1638.4226	1692.3519
END IONS
BEGIN IONS
PEPMASS=1756.6381
CHARGE=1+
TITLE=Label: C4, Spot_Id: 426528, Peak_List_Id: 588925, MSMS Job_Run_Id: 25491, Comment: 
73.538605	1085.9258
96.022461	1043.9229
104.00834	1041.7859
104.09129	993.08832
314.99332	1207.2118
383.02991	1220.6705
444.43143	1280.0138
565.40698	1499.3535
625.28125	2977.7856
637.23547	986.14368
670.3316	1364.9346
699.1817	2371.0774
700.08716	1708.736
700.5462	1813.8644
703.55835	1068.365
727.16492	4454.5776
785.35431	1151.3423
1030.4792	1473.0961
1092.4647	2841.3704
1127.427	992.83099
1229.6946	2356.269
1231.5439	2337.2629
1455.6633	1743.9214
1534.5399	1618.6467
1561.5615	2459.2622
1574.2002	1463.6943
1682.9159	1062.3115
1683.6703	1823.5917
1729.2734	1374.7665
1734.0048	1672.4001
END IONS
BEGIN IONS
PEPMASS=1794.8761
CHARGE=1+
TITLE=Label: C20, Spot_Id: 426520, Peak_List_Id: 588914, MSMS Job_Run_Id: 25491, Comment: 
69.99511	1612.4424
74.356422	1297.6919
86.08094	1210.1686
114.89183	1441.4351
126.04562	1228.6833
185.14214	1999.1047
195.12045	1603.849
437.20108	1565.2882
508.09509	1306.1655
844.40265	1271.7393
844.82471	1316.155
1360.9215	1641.5693
1482.3571	1570.5988
1502.6355	1326.5784
1590.4734	1883.0582
1596.4293	1884.7581
1598.8102	1753.9955
1621.1459	1967.7953
1656.2833	1283.0535
1667.9048	1676.3676
1689.2501	2197.5452
1691.4794	2583.344
1707.5216	1365.8595
1711.1057	1936.1833
1716.6863	1859.1862
1730.8794	1515.668
1738.3159	1530.9314
1762.0861	1581.7904
1765.4956	3339.8513
1772.2125	1441.5833
END IONS
BEGIN IONS
PEPMASS=1940.8761
CHARGE=1+
TITLE=Label: D13, Spot_Id: 426535, Peak_List_Id: 588932, MSMS Job_Run_Id: 25491, Comment: 
409.20145	935.10394
551.25476	1262.1329
664.32202	1415.459
779.41522	1072.4622
878.44336	961.86609
929.59369	877.65558
1021.4028	1232.2092
1063.2981	1011.177
1085.0756	1027.52
1121.5768	907.45508
1256.5355	937.55615
1261.511	966.09845
1390.1514	994.41089
1429.2379	1205.2067
1617.8063	1079.0165
1695.7118	1127.6619
1722.7141	1254.3817
1734.0558	1654.248
1737.5887	979.47266
1738.712	1245.6952
1743.1879	891.56061
1748.0243	1128.4556
1758.6244	1125.9943
1765.4132	922.08148
1813.803	1883.7034
1846.9271	992.50238
1872.6296	1256.7139
1889.0836	1386.9598
1906.098	936.64642
1914.9949	895.44147
END IONS
BEGIN IONS
PEPMASS=2024.8197
CHARGE=1+
TITLE=Label: C10, Spot_Id: 426525, Peak_List_Id: 588919, MSMS Job_Run_Id: 25491, Comment: 
101.15491	1219.3768
120.16052	1121.5439
161.11009	2266.9741
199.22514	1109.4899
229.21603	1298.6456
360.26016	1269.9741
410.70392	1819.25
485.10556	1203.5492
557.41479	1341.1899
602.37793	1119.6826
615.30499	1150.0231
684.41797	1107.7357
981.22498	1105.0745
1011.2278	1103.2168
1026.4698	5490.7637
1123.4143	1107.6428
1229.6298	1258.5295
1327.5052	5051.501
1329.4012	2626.0239
1751.5278	1347.9125
1764.6869	1912.5558
1810.3622	1635.0022
1824.2813	1346.5806
1854.892	1325.3181
1879.8497	1529.3386
1897.9352	2614.9131
1951.0973	1360.8849
1981.5469	1376.6656
1986.3773	1922.4617
2002.3621	2031.1389
END IONS
BEGIN IONS
PEPMASS=2024.8334
CHARGE=1+
TITLE=Label: C11, Spot_Id: 426511, Peak_List_Id: 588908, MSMS Job_Run_Id: 25491, Comment: 
120.10088	1484.1201
129.17218	960.97797
136.14005	994.20197
189.16487	1455.5566
223.10616	1058.7047
240.08803	945.18915
258.1228	1490.8176
278.11664	1145.2648
312.008	1136.3129
315.35101	1039.6807
341.18259	1326.9923
359.86877	1012.9119
360.16284	3327.8555
418.09778	952.55719
487.64896	1022.5947
1025.405	1075.469
1026.4989	1095.2891
1154.4703	1353.0809
1156.4933	1115.913
1230.776	974.1795
1235.397	954.36426
1304.5833	946.23297
1327.5669	4059.9558
1374.6697	1177.7578
1660.6832	1148.2588
1661.8542	969.31256
1796.5393	925.92358
1898.9849	1604.7893
1934.9445	946.73584
1946.0277	1089.4749
END IONS
BEGIN IONS
PEPMASS=2041.8405
CHARGE=1+
TITLE=Label: C2, Spot_Id: 426529, Peak_List_Id: 588928, MSMS Job_Run_Id: 25491, Comment: 
85.129997	915.79034
103.0571	998.16016
171.46368	945.29639
259.16449	881.47333
318.0939	939.35187
328.64468	1025.8708
337.75241	1085.0891
447.048	1213.049
902.56384	1227.389
1026.4995	1432.3887
1053.0514	837.34784
1057.1116	1017.9765
1124.5106	936.25323
1212.9462	960.13452
1330.5914	1060.0781
1345.5762	984.66077
1570.6801	887.35999
1813.7195	1098.4534
1830.8916	1593.6936
1917.786	1156.4764
1920.1262	1544.9972
1954.4586	991.69501
1969.3628	1013.4598
1984.193	1393.786
1985.6655	1622.3101
1999.1449	2202.2288
2007.4244	1225.7555
2009.2006	1221.1544
2017.7087	1013.0639
2020.7909	822.63849
END IONS
BEGIN IONS
PEPMASS=2041.8649
CHARGE=1+
TITLE=Label: B22, Spot_Id: 426495, Peak_List_Id: 588890, MSMS Job_Run_Id: 25491, Comment: 
112.14755	1489.7201
203.15703	1373.1312
231.03778	1507.3109
248.16182	1669.7395
1009.4721	1281.3931
1026.4589	6844.9985
1123.4946	1712.7925
1141.6084	2421.2854
1143.0962	1374.1998
1177.0952	1473.2572
1247.6663	1936.1593
1328.4252	1617.174
1344.5935	10961.714
1348.275	1562.652
1493.5602	1363.1404
1568.0071	1484.9614
1709.0262	1381.2456
1827.9025	1258.3859
1829.6002	3899.1841
1875.5187	1399.5815
1914.0057	3911.1255
1918.2633	1746.5232
1920.0333	1552.0828
1959.118	1496.9242
1983.0206	1502.9149
1996.3406	1776.9723
2001.8848	1371.4274
2011.3379	2116.9053
2011.9139	1546.6185
2015.1615	2544.8574
END IONS
BEGIN IONS
PEPMASS=2042.8754
CHARGE=1+
TITLE=Label: B24, Spot_Id: 426494, Peak_List_Id: 588888, MSMS Job_Run_Id: 25491, Comment: 
85.944145	1043.0964
122.09636	986.24738
135.97711	1709.1876
171.09996	1537.1864
215.34276	1093.9193
231.14522	1221.071
248.06464	1193.9587
276.17441	1683.1958
346.22314	969.57501
377.1918	1744.9105
429.98544	1138.9435
481.04669	1371.6077
488.87729	1246.4576
665.052	1084.453
838.2002	1000.2931
848.89136	988.31268
1026.4812	2019.4606
1027.5259	1884.4009
1123.5596	1766.7432
1229.5197	981.2392
1344.6578	4292.9932
1347.1151	1802.302
1894.7842	1231.6052
1919.254	2203.377
1936.9211	1205.5554
1985.587	1908.8248
1995.7119	2320.6082
2000.8804	1267.993
2003.9808	1162.328
2011.5178	1110.3636
END IONS
BEGIN IONS
PEPMASS=2044.8474
CHARGE=1+
TITLE=Label: B23, Spot_Id: 426493, Peak_List_Id: 588885, MSMS Job_Run_Id: 25491, Comment: 
72.046394	945.69324
112.00214	883.33667
223.12033	1035.481
248.14366	2239.7742
276.14539	931.94275
359.16931	954.24652
378.22748	1130.25
464.2424	993.21973
613.33221	1250.5272
715.29614	903.39069
1026.4866	2373.853
1162.8754	938.75769
1173.521	896.57275
1188.9822	871.22516
1249.5054	1181.0721
1274.6479	1219.573
1294.996	1076.6908
1305.5504	915.5788
1309.9078	953.83344
1343.465	873.4389
1344.636	4971.5146
1346.3866	1196.0923
1492.7256	873.21735
1929.0243	964.0827
2007.4633	1399.1268
2010.8995	939.80298
2013.1899	902.51379
2015.8932	1528.9
2018.2256	1283.8815
2019.6569	1012.6581
END IONS
BEGIN IONS
PEPMASS=2103.8042
CHARGE=1+
TITLE=Label: B22, Spot_Id: 426495, Peak_List_Id: 588892, MSMS Job_Run_Id: 25491, Comment: 
72.446899	998.09497
92.561577	934.25531
116.32139	937.98401
626.81256	900.32416
753.7962	943.18695
1323.8459	1296.41
1330.976	979.45679
1406.5093	2059.8416
1458.2092	992.41119
1606.5612	1343.5359
1780.3188	1000.2979
1798.5178	1067.4309
1830.8219	1175.5258
1874.6876	1058.5322
1914.3356	1510.4799
1929.3159	1350.7476
1931.5543	1532.2162
1976.0815	2040.5791
2011.6661	1072.226
2013.0449	1275.402
2017.9568	1222.3384
2029.6733	1382.59
2037.1403	1408.8881
2057.2205	1653.182
2061.0142	2793.3438
2067.0068	981.95593
2070.8015	1894.1252
2073.6372	1538.4133
2077.2019	2594.3958
2082.4788	1034.7883
END IONS
BEGIN IONS
PEPMASS=2383.8684
CHARGE=1+
TITLE=Label: B2, Spot_Id: 426505, Peak_List_Id: 588903, MSMS Job_Run_Id: 25491, Comment: 
73.842888	1075.9341
75.716988	863.37103
78.874336	8683.4199
85.770134	786.61273
118.32563	962.86499
307.86542	748.40454
346.20477	1177.8583
491.84415	1349.9872
701.38434	825.28082
1267.3821	882.91003
1652.1166	782.62091
1729.7981	870.7746
1982.1947	931.65942
2016.8954	1711.9421
2018.0643	1058.8114
2064.1548	1071.6724
2071.8535	812.99713
2094.2295	765.61169
2098.4438	783.93311
2108.3127	791.97815
2123.5122	798.66357
2132.4705	753.34106
2149.6641	1140.1328
2209.3391	1117.1632
2308.1563	999.77924
2339.5154	840.01599
2343.7231	936.36194
2345.4941	769.7738
2356.4968	1404.8433
2357.77	1042.6564
END IONS
BEGIN IONS
PEPMASS=2383.8816
CHARGE=1+
TITLE=Label: A24, Spot_Id: 426470, Peak_List_Id: 588878, MSMS Job_Run_Id: 25491, Comment: 
78.875198	8595.4609
127.84399	653.23376
137.28067	662.04279
163.87709	637.13959
201.97615	638.04736
204.7308	664.92078
269.20761	663.12726
309.65588	692.72943
321.59857	814.86444
565.21967	668.3266
597.82855	858.25854
1206.2942	634.1275
1577.4028	765.06323
1841.2587	728.78644
1870.2452	994.91504
1884.7516	705.85736
1887.5178	777.76904
1892.3187	799.96234
2111.2944	866.58008
2127.2048	759.04095
2136.3396	691.63208
2149.8306	681.10571
2254.0437	659.3399
2257.6895	712.65424
2277.3784	731.62103
2278.1313	887.23395
2293.3411	710.11041
2309.9656	1596.6876
2333.8779	678.54614
2342.686	851.39142
END IONS
BEGIN IONS
PEPMASS=2869.9788
CHARGE=1+
TITLE=Label: C19, Spot_Id: 426515, Peak_List_Id: 588909, MSMS Job_Run_Id: 25491, Comment: 
95.047813	9057.6602
95.105644	12854.487
95.15921	10275.124
95.21273	11517.499
95.265968	8570.8633
95.319008	7282.2227
95.372482	7629.6963
95.425613	4896.9097
95.48008	3753.0051
95.611244	3312.2158
95.664734	3448.3091
329.71481	629.13129
371.66125	557.99982
627.36176	1032.2902
651.15039	547.60297
902.45593	571.85028
1475.6836	626.04541
2199.7571	576.88251
2340.7239	788.14862
2422.0989	801.60107
2468.8928	544.88599
2581.4321	635.13922
2617.7202	621.2215
2693.8818	784.40533
2703.3591	918.66687
2727.7195	587.02008
2774.1333	633.10742
2806.6797	617.88367
2837.271	731.2641
2840.6931	599.36774
END IONS
