1797.609 2 
286.786 12195.6
293.851 7203.6
296.029 7113.1
308.939 7865.1
397.239 8361.1
412.018 6752.7
442.276 62507.3
529.310 79841.0
667.785 7262.7
669.862 7402.0
744.397 32861.4
754.538 6447.0
842.365 8627.8
932.079 6953.9
940.489 42888.4
940.996 37167.1
941.493 8976.7
957.399 9218.5
976.015 33123.7
976.528 8865.6
997.515 8191.5
1017.638 7243.6
1019.541 12042.6
1052.912 8307.5
1071.451 8111.8
1127.073 123693.1
1127.575 100977.9
1128.077 15527.0
1169.585 15770.2
1260.665 32491.1
1261.140 32678.5
1261.620 7756.1
1440.691 50991.7
1441.703 18834.7
1498.797 7480.5
1560.515 36382.4
1619.758 8926.8
1654.179 7764.6
1676.268 7475.3
