1013.59990 2 
170.169 3.4
171.269 2.2
189.258 95.0
208.746 4.2
221.122 20.6
221.948 15.0
232.175 1.5
238.802 7.2
239.979 20.9
240.836 5.0
255.016 4.1
265.043 2.4
265.746 10.2
267.074 7.2
268.107 3.5
268.922 3.1
270.201 2.6
271.552 2.6
281.124 56.6
282.292 63.7
283.329 126.5
284.160 133.0
285.168 26.0
286.982 3.3
298.630 69.0
299.981 88.2
300.813 27.9
301.794 76.0
302.614 36.9
303.359 3.7
313.542 2.9
319.553 6.1
320.795 16.1
321.473 13.7
322.405 11.6
327.390 10.7
331.112 10.5
332.343 7.4
333.527 7.1
334.582 2.7
337.576 5.6
338.985 2.7
341.964 4.6
343.210 2.6
344.167 14.2
345.158 2.9
346.347 13.7
347.292 12.6
350.241 2.4
351.403 8.0
355.141 32.6
356.094 7.2
358.404 5.0
360.089 17.9
361.949 7.2
367.988 5.7
371.792 3.3
373.208 47.4
374.428 10.2
377.597 7.9
378.324 12.6
391.834 31.0
394.115 2.2
395.050 22.1
396.037 35.8
398.339 5.1
400.672 6.3
401.912 37.0
403.223 32.0
406.908 8.5
410.163 8.0
411.004 13.7
411.825 9.5
413.104 12.0
414.107 15.2
414.917 25.3
416.300 39.4
417.194 38.2
418.126 69.8
419.234 38.9
420.012 16.2
420.719 7.6
422.501 1.8
424.377 3.3
429.278 3.3
433.226 21.5
434.323 10.7
435.944 19.2
441.347 40.9
442.533 26.0
444.108 78.9
445.432 12.4
446.061 4.1
446.921 12.6
448.786 7.6
451.746 5.9
452.852 2.2
457.810 10.9
459.871 9.8
461.077 16.3
461.870 10.2
463.022 13.5
465.434 16.3
466.997 6.1
470.102 9.3
471.093 15.7
472.511 18.3
475.042 17.4
475.840 13.7
476.748 3.8
477.710 17.6
478.481 6.1
479.281 9.6
486.077 6.5
487.775 36.7
489.082 83.5
489.953 121.9
491.055 65.8
492.041 8.7
496.805 4.0
505.536 5.7
507.079 16.4
507.955 1.6
518.526 7.4
519.931 6.8
520.771 7.4
524.677 8.5
525.439 3.7
531.706 2.4
552.299 11.0
553.011 9.9
554.372 4.6
570.225 58.7
571.977 18.8
572.702 2.4
573.688 6.3
599.319 3.2
609.567 8.9
623.385 10.7
624.232 2.4
641.259 57.0
642.918 6.1
659.423 29.6
660.348 7.0
663.147 9.2
670.182 8.7
694.353 2.8
695.412 8.7
701.246 13.8
712.313 93.1
713.461 24.7
730.448 29.2
746.840 4.1
754.208 8.5
784.646 3.3
791.484 4.4
801.304 21.1
802.172 3.5
805.079 6.5
807.867 46.2
808.480 29.0
825.345 274.2
826.447 81.7
837.733 4.7
848.346 11.1
849.334 4.1
864.561 6.5
877.566 5.7
882.197 90.6
882.896 30.0
883.646 22.8
884.644 12.8
896.686 1.8
901.873 4.8
924.681 7.0
1013.265 9.4
