1013.59764 2 
166.225 11.7
171.200 11.0
177.383 5.5
185.356 23.1
189.028 82.6
191.245 3.2
211.333 3.4
212.115 1.6
213.327 10.1
221.084 16.0
222.073 5.4
223.245 9.9
224.431 14.3
238.605 3.6
240.288 2.2
254.096 12.9
267.307 4.7
269.119 5.1
271.535 9.9
275.161 7.2
278.954 5.8
281.163 38.0
282.052 93.5
283.089 125.0
284.177 115.5
285.140 33.9
288.325 8.9
291.172 5.8
298.412 25.6
299.429 45.3
300.584 89.6
301.466 94.8
302.254 42.7
303.062 2.7
305.245 5.8
324.481 7.1
327.308 7.4
328.897 2.0
329.987 2.7
333.737 14.0
341.164 15.4
342.347 5.7
343.459 1.8
344.297 2.7
346.042 14.4
354.351 3.1
355.076 50.4
355.970 5.5
359.717 20.1
360.730 7.7
361.695 14.1
363.211 2.2
367.841 8.5
373.281 13.9
374.084 2.5
374.815 2.9
378.452 2.0
381.006 2.9
386.077 2.8
386.786 6.8
394.081 8.1
395.347 29.0
396.062 13.9
397.998 2.0
399.123 2.7
402.225 27.6
403.022 12.7
410.940 9.4
413.882 23.6
414.914 7.5
415.963 17.6
417.243 76.0
418.136 75.4
419.281 15.3
420.275 16.1
421.181 8.6
423.036 6.4
424.260 5.5
425.852 7.7
427.576 6.4
428.669 30.8
432.171 6.0
433.334 3.3
434.087 3.6
435.037 7.9
439.813 4.9
440.999 3.6
442.383 20.8
443.150 6.0
444.062 32.7
444.719 8.9
445.591 9.9
446.512 15.4
447.208 1.4
450.297 6.0
451.717 6.4
453.915 4.4
456.735 4.1
457.539 12.0
459.086 4.6
460.522 10.1
461.696 13.9
462.758 3.6
463.845 7.2
464.824 2.3
466.098 4.2
467.865 5.8
469.292 2.9
470.907 36.5
471.818 26.5
475.461 15.7
477.310 7.0
480.175 10.6
483.344 8.1
484.921 8.3
487.635 18.1
488.804 62.7
490.035 84.2
491.076 88.1
491.923 4.6
495.080 8.0
496.119 5.7
497.174 7.5
499.113 4.7
513.624 2.7
516.191 4.0
524.329 5.6
528.628 4.6
535.423 16.7
542.361 2.0
543.199 5.0
552.203 8.6
566.691 7.9
570.096 75.9
571.559 22.3
572.551 14.5
573.263 5.5
604.300 10.8
623.377 6.1
624.304 26.6
641.103 46.7
642.267 11.9
659.231 47.8
660.025 15.8
671.058 4.7
677.475 2.0
679.163 5.7
694.344 18.7
696.540 4.4
712.359 106.6
713.398 35.9
730.285 2.0
731.102 2.3
735.076 11.4
760.349 6.2
783.567 6.6
801.362 6.4
806.996 4.0
807.966 7.8
825.290 358.8
826.333 85.3
826.937 7.2
864.311 9.4
882.398 94.8
883.464 55.0
896.049 7.9
986.238 7.0
