0.174585
0.44827
0.742306
0.323663
0.669734
0.731067
0.593576
0.769484
0.11845
0.0575137
0.562587
0.405697
0.388874
0.138817
0.619122
0.129181
0.428255
0.757934
0.571286
0.578191
0.501429
0.258685
0.0662796
0.676013
0.660697
0.698686
0.0589936
0.638087
0.423324
0.622053
0.193692
0.377255
0.107681
0.645101
0.599991
0.685607
0.596526
0.61725
0.699026
0.520808
0.198824
0.707994
0.531498
0.095922
0.0936434
0.448873
0.250389
0.0982649
0.049395
0.297387
0.344087
0.188204
0.588729
0.570715
0.409094
0.0900968
0.142275
0.672123
0.0506721
0.728594
0.694443
0.537096
0.678564
0.626873
0.184575
0.242842
0.395501
0.158968
0.211894
0.22334
0.177704
0.265993
0.725757
0.234649
0.150349
0.771598
0.38757
0.352363
0.678345
0.114314
0.561514
0.199565
0.558478
0.559855
0.689273
0.635489
0.342128
0.591681
0.570091
0.0924865
0.621092
0.623165
0.654554
0.677764
0.415764
0.57351
0.39725
0.364568
0.660098
0.44214
0.0806621
0.0455453
0.203383
0.393554
0.0653486
0.438149
0.123552
0.602335
0.80148
0.364474
0.366986
0.204674
0.52297
0.0843346
0.803264
0.725825
0.303535
0.379913
0.151903
0.110633
0.215125
0.237299
0.0403629
0.0600284
0.727411
0.327058
0.197419
0.0512689
0.0572228
0.713711
0.0463857
0.067533
0.602326
0.228133
0.71863
