0
10
32
43
51
71
84
93
107
112
117
158
166
177
183
205
211
220
238
263
275
295
303
307
333
351
368
379
413
421
441
447
456
467
485
495
519
531
546
571
579
584
599
612
618
623
661
668
674
681
688
695
701
723
758
767
772
777
797
801
822
836
877
909
921
929
936
946
951
962
969
981
989
1005
1011
1020
1036
1047
1056
1073
1078
1111
1120
1134
1159
1175
1196
1208
1240
1254
1258
1273
1285
1317
1328
1350
1362
1371
1379
1403
1424
1433
1443
1455
1474
1479
1491
1499
1512
1533
1545
1559
1565
1584
1593
1618
1630
1636
1646
1655
1664
1679
1687
1701
1718
1732
1749
1758
1763
1773
1790
1795
1805
1819
1827
